lastAccountName: Kinmiri
timestamps:
  login: 1644774404488
  logout: 1644774524990
ipAddress: 176.107.0.245
lastlocation:
  world: world
  x: 0.5
  y: 71.0
  z: 0.5
  yaw: 0.0
  pitch: 0.0
logoutlocation:
  world: world
  x: 943.3129617820888
  y: 66.0
  z: 269.5902427576988
  yaw: 37.62962
  pitch: 23.797594
