lastAccountName: Gathright
timestamps:
  login: 1644718814565
  logout: 1644721170417
ipAddress: 173.22.205.62
lastlocation:
  world: world
  x: 1032.5
  y: 68.0
  z: 241.5
  yaw: 0.0
  pitch: 0.0
logoutlocation:
  world: world
  x: 953.2821139769453
  y: 70.99385025292113
  z: 252.30338857597917
  yaw: 27.413574
  pitch: -18.14984
