lastAccountName: HeyItsCupcake
timestamps:
  login: 1644805147788
  logout: 1644781612189
ipAddress: 173.22.205.62
logoutlocation:
  world: world
  x: 941.1252591703495
  y: 78.0
  z: 264.30544678864476
  yaw: -43.975586
  pitch: -4.800036
lastlocation:
  world: world
  x: 21.894376399426516
  y: 73.0
  z: -13.369232719245836
  yaw: 0.600009
  pitch: 25.199986
