lastAccountName: XxMcFrosstyxX
timestamps:
  login: 1644803916138
  logout: 1644803840389
ipAddress: 73.166.148.103
lastlocation:
  world: world
  x: 934.3422249403657
  y: 69.99017164197956
  z: 272.117815163989
  yaw: -85.270874
  pitch: -5.700288
logoutlocation:
  world: world
  x: 987.878274047591
  y: 91.37775790540057
  z: 267.43257535817645
  yaw: -173.99738
  pitch: 22.200012
