lastAccountName: Motobike_117
timestamps:
  login: 1644743310895
  logout: 1644743890839
ipAddress: 103.6.150.219
lastlocation:
  world: world
  x: 1032.5
  y: 68.0
  z: 241.5
  yaw: 0.0
  pitch: 0.0
logoutlocation:
  world: world
  x: 1032.0
  y: 66.0
  z: 241.0
  yaw: 103.18495
  pitch: 4.1212926
