lastAccountName: Benjaminecraft24
timestamps:
  login: 1644718386615
  logout: 1644718443367
ipAddress: 190.196.93.214
lastlocation:
  world: world
  x: 1032.5
  y: 68.0
  z: 241.5
  yaw: 0.0
  pitch: 0.0
logoutlocation:
  world: world
  x: 922.977037085042
  y: 66.0
  z: 281.8311654278503
  yaw: -113.83886
  pitch: 11.648273
